1.971193e-02	1.518817e+00	4.212441e-01
3.311571e-02	3.412782e+00	6.825564e-01
4.674140e-02	8.218014e+00	1.019319e+00
6.765439e-02	1.599950e+01	1.148697e+00
1.014223e-01	2.487460e+01	9.335271e-01
1.529223e-01	2.734145e+01	5.716018e-01
2.292262e-01	2.798492e+01	3.216446e-01
3.439838e-01	2.708188e+01	1.700071e-01
5.162958e-01	2.485470e+01	8.521835e-02
7.745761e-01	2.369430e+01	4.434593e-02
1.161992e+00	2.719569e+01	2.774722e-02
1.677987e+00	4.305140e+01	2.877569e-02
2.192064e+00	6.917292e+01	1.049709e-01
