1.971193e-02	5.515177e-01	1.529635e-01
3.311571e-02	1.254058e+00	2.508116e-01
4.674140e-02	3.266771e+00	4.051931e-01
6.765439e-02	6.005436e+00	4.311652e-01
1.014223e-01	1.268986e+01	4.762419e-01
1.529223e-01	1.955695e+01	4.088586e-01
2.292262e-01	2.573329e+01	2.957654e-01
3.439838e-01	2.955696e+01	1.855445e-01
5.162958e-01	3.109597e+01	1.066175e-01
7.745761e-01	3.249682e+01	6.082060e-02
1.161992e+00	3.938486e+01	4.018359e-02
1.677987e+00	6.233714e+01	4.166635e-02
2.192064e+00	9.744065e+01	1.478675e-01
