1.971193e-02	1.455934e-01	4.038033e-02
3.311571e-02	3.505528e-01	7.011057e-02
4.674140e-02	1.014401e+00	1.258210e-01
6.765439e-02	1.882164e+00	1.351315e-01
1.014223e-01	4.469408e+00	1.677339e-01
1.529223e-01	8.559605e+00	1.789475e-01
2.292262e-01	1.476007e+01	1.696447e-01
3.439838e-01	2.225062e+01	1.396788e-01
5.162958e-01	2.833515e+01	9.715161e-02
7.745761e-01	3.407865e+01	6.378114e-02
1.161992e+00	4.496848e+01	4.588045e-02
1.677987e+00	7.214402e+01	4.822130e-02
2.192064e+00	1.098107e+02	1.666392e-01
