1.971193e-02	2.354974e-02	6.531524e-03
3.311571e-02	8.225366e-02	1.645073e-02
4.674140e-02	2.731276e-01	3.387731e-02
6.765439e-02	5.669617e-01	4.070548e-02
1.014223e-01	1.481529e+00	5.560078e-02
1.529223e-01	3.651752e+00	7.634371e-02
2.292262e-01	7.759832e+00	8.918758e-02
3.439838e-01	1.452001e+01	9.114969e-02
5.162958e-01	2.264278e+01	7.763440e-02
7.745761e-01	3.159825e+01	5.913886e-02
1.161992e+00	4.614635e+01	4.708220e-02
1.677987e+00	7.531190e+01	5.033872e-02
2.192064e+00	1.123278e+02	1.704590e-01
