1.971193e-02	6.177983e-02	1.713464e-02
3.311571e-02	1.755656e-01	3.511312e-02
4.674140e-02	5.699779e-01	7.069705e-02
6.765439e-02	1.199202e+00	8.609772e-02
1.014223e-01	1.978221e+00	7.424133e-02
1.529223e-01	3.582883e+00	7.490394e-02
2.292262e-01	6.441996e+00	7.404105e-02
3.439838e-01	1.048000e+01	6.578844e-02
5.162958e-01	1.713146e+01	5.873797e-02
7.745761e-01	2.725910e+01	5.101777e-02
1.161992e+00	4.341125e+01	4.429164e-02
1.677987e+00	6.889240e+01	4.604790e-02
2.192064e+00	9.613310e+01	1.458833e-01
