1.971193e-02	1.063765e-01	2.950353e-02
3.311571e-02	2.925014e-01	5.850028e-02
4.674140e-02	8.833676e-01	1.095683e-01
6.765439e-02	1.802509e+00	1.294126e-01
1.014223e-01	2.958214e+00	1.110198e-01
1.529223e-01	4.893440e+00	1.023025e-01
2.292262e-01	7.963780e+00	9.153166e-02
3.439838e-01	1.179901e+01	7.406860e-02
5.162958e-01	1.790464e+01	6.138894e-02
7.745761e-01	2.784601e+01	5.211622e-02
1.161992e+00	4.340157e+01	4.428176e-02
1.677987e+00	6.612116e+01	4.419560e-02
2.192064e+00	8.878784e+01	1.347368e-01
