1.971193e-02	1.407287e-01	3.903111e-02
3.311571e-02	3.999157e-01	7.998315e-02
4.674140e-02	1.147909e+00	1.423806e-01
6.765439e-02	2.276147e+00	1.634178e-01
1.014223e-01	3.775070e+00	1.416758e-01
1.529223e-01	6.058767e+00	1.266649e-01
2.292262e-01	9.426062e+00	1.083384e-01
3.439838e-01	1.341850e+01	8.423495e-02
5.162958e-01	1.960726e+01	6.722665e-02
7.745761e-01	2.960878e+01	5.541539e-02
1.161992e+00	4.468805e+01	4.559433e-02
1.677987e+00	6.528128e+01	4.363422e-02
2.192064e+00	8.493574e+01	1.288911e-01
