1.971193e-02	1.612110e-01	4.471187e-02
3.311571e-02	4.679235e-01	9.358469e-02
4.674140e-02	1.310454e+00	1.625418e-01
6.765439e-02	2.570513e+00	1.845520e-01
1.014223e-01	4.302345e+00	1.614641e-01
1.529223e-01	6.806338e+00	1.422936e-01
2.292262e-01	1.041169e+01	1.196667e-01
3.439838e-01	1.468808e+01	9.220479e-02
5.162958e-01	2.135878e+01	7.323200e-02
7.745761e-01	3.177116e+01	5.946248e-02
1.161992e+00	4.663497e+01	4.758073e-02
1.677987e+00	6.563903e+01	4.387334e-02
2.192064e+00	8.324862e+01	1.263309e-01
