1.971193e-02	1.654002e-02	4.587376e-03
3.311571e-02	9.191280e-02	1.838256e-02
4.674140e-02	2.159241e-01	2.678209e-02
6.765439e-02	4.353149e-01	3.125379e-02
1.014223e-01	5.959239e-01	2.236462e-02
1.529223e-01	6.664242e-01	1.393230e-02
2.292262e-01	5.042995e-01	5.796163e-03
3.439838e-01	4.029953e-01	2.529813e-03
5.162958e-01	3.242235e-01	1.111652e-03
7.745761e-01	2.868310e-01	5.368290e-04
1.161992e+00	3.041505e-01	3.103187e-04
1.677987e+00	4.888734e-01	3.267645e-04
2.192064e+00	8.251959e-01	1.252246e-03
