1.971193e-02	1.303718e+00	3.615862e-01
3.311571e-02	3.412227e+00	6.824453e-01
4.674140e-02	7.848976e+00	9.735457e-01
6.765439e-02	1.546472e+01	1.110302e+00
1.014223e-01	1.408586e+01	5.286329e-01
1.529223e-01	1.303009e+01	2.724077e-01
2.292262e-01	1.174765e+01	1.350216e-01
3.439838e-01	1.044509e+01	6.556930e-02
5.162958e-01	8.813868e+00	3.021976e-02
7.745761e-01	7.918699e+00	1.482053e-02
1.161992e+00	8.766153e+00	8.943932e-03
1.677987e+00	1.406067e+01	9.398195e-03
2.192064e+00	2.328855e+01	3.534070e-02
